Linear Probing Z-Scores:
[-1.5151457  -2.05036851 -2.28364389  1.65947891 -0.91358034 -2.24198714
  5.66470875  3.14342355  0.39374638  7.70585565  8.37179995 -4.95855632]

Histogram Z-Scores:
[  0.56452803  -0.56597943  -1.673731     5.45623019   1.96001804
  -3.32721853   1.71321843  -2.06847607  -6.02303275  16.20576625
 -13.11403799   0.95531936]

Adapters Z-Scores:
[-1.5151457  -2.05102574 -2.28695912  1.66326539 -0.92084439 -0.32269844
  7.59857998  2.93087924 -2.86565462  3.65997105  3.15535356 -5.66278585]

